% -------------------------------------------------------------------
%  Generated by MATLAB on 24-Oct-2022 19:46:07
%  MATLAB version: 9.13.0.2049777 (R2022b)
% -------------------------------------------------------------------
                                 

A = ...
  [0.81472368639317894 0.63235924622540951 0.9575068354342976 0.95716694824294557 ...
   ;
   0.90579193707561922 0.097540404999409525 0.96488853519927653 0.48537564872284122 ...
   ;
   0.12698681629350606 0.2784982188670484 0.15761308167754828 0.80028046888880011 ...
   ;
   0.91337585613901939 0.54688151920498385 0.9705927817606157 0.14188633862721534 ...
   ];

B = ...
  [0.421761282626275 0.65574069915658684 0.67873515485777347 0.65547789017755664 ...
   ;
   0.91573552518906709 0.035711678574189554 0.75774013057833345 0.17118668781156177 ...
   ;
   0.79220732955955442 0.84912930586877711 0.74313246812491618 0.70604608801960878 ...
   ;
   0.959492426392903 0.93399324775755055 0.39222701953416816 0.031832846377420676 ...
   ];

ans = logical( ...
  [1 1 1 1;
   1 1 1 1;
   1 1 1 1;
   1 1 1 1]);

