% -------------------------------------------------------------------
%  Generated by MATLAB on 24-Oct-2022 19:51:53
%  MATLAB version: 9.13.0.2049777 (R2022b)
% -------------------------------------------------------------------
                                 

L = ...
  [0 0.5 0 0 0.33333333333333331;
   0.5 0 0 0.33333333333333331 0.33333333333333331;
   0 0.5 0 0.33333333333333331 0;
   0.5 0 0 0 0.33333333333333331;
   0 0 1 0.33333333333333331 0];

ans = ...
  [1 0 0 0 -0.83333333333333337;
   0 1 0 0 -1;
   0 0 1 0 -0.75;
   0 0 0 1 -0.75;
   0 0 0 0 0];

