% -------------------------------------------------------------------
%  Generated by MATLAB on 17-Nov-2022 22:28:31
%  MATLAB version: 9.13.0.2049777 (R2022b)
% -------------------------------------------------------------------
                                 

N = ...
  [0.003 0.02 0;
   0.1 1 0;
   0 0 0.015];

ans = 1.4999999999999997E-5;

detN100 = -1.7211118614906283E-201;

