% -------------------------------------------------------------------
%  Generated by MATLAB on 18-Nov-2022 17:38:35
%  MATLAB version: 9.13.0.2049777 (R2022b)
% -------------------------------------------------------------------
                                 

D = ...
  [1.0000000000000355 0 0 0;
   0 1.9999999999999609 0 0;
   0 0 1.0000000000000047 0;
   0 0 0 2.999999999999996];

P = ...
  [-0.8873565094161131 0.86602540378443948 0.060463336684404137 0.87057150013201312 ...
   ;
   0.26620695282483481 -0.28867513459481187 0.88116854650071386 0.072547625011007991 ...
   ;
   0.26620695282483503 -0.28867513459481209 -0.4035565213650501 -0.4352857500660085 ...
   ;
   0.26620695282483492 -0.28867513459481203 0.23880601256783163 -0.21764287503300139 ...
   ];

V = ...
  [-8 6 -6 -30;
   3 9 12 -10;
   3 -6 -1 18;
   3 0 4 7];

x = ...
  [1.000000000000012 2.6201263381153694E-14 4.4408920985006262E-15 2.7755575615628914E-14 ...
   ;
   -5.1514348342607263E-14 2.0000000000000195 -1.4210854715202004E-14 5.3290705182007514E-14 ...
   ;
   4.8849813083506888E-15 -4.4408920985006262E-15 1.0000000000000031 -5.3290705182007514E-15 ...
   ;
   -7.1054273576010019E-15 1.0658141036401503E-14 1.0658141036401503E-14 ...
   3.0000000000000107];

