% -------------------------------------------------------------------
%  Generated by MATLAB on 18-Nov-2022 17:58:32
%  MATLAB version: 9.13.0.2049777 (R2022b)
% -------------------------------------------------------------------
                                 

D = ...
  [-0.61803398874989479 0;
   0 1.6180339887498949];

F = ...
  [0 1;
   1 1];

P = ...
  [-0.85065080835203988 0.52573111211913348;
   0.52573111211913348 0.85065080835203988];

ans = [832040; 1.346269E+6];

f = [1; 1];

f30 = [832040; 1.346269E+6];

