% -------------------------------------------------------------------
%  Generated by MATLAB on 18-Nov-2022 18:54:15
%  MATLAB version: 9.13.0.2049777 (R2022b)
% -------------------------------------------------------------------
                                 

L = ...
  [0 0 0 0 1 0 0 0;
   0 0 0 0 0 0 0 1;
   0 0.5 0 0 0 0 1 0;
   0.5 0 0.5 0 0 0 0 0;
   0 0 0.5 0 0 1 0 0;
   0.5 0 0 0 0 0 0 0;
   0 0.5 0 0 0 0 0 0;
   0 0 0 1 0 0 0 0];

ans = [1.1423797607421875; 1.14227294921875; 1.143310546875; 1.1436004638671875; ...
       1.1417236328125; 0.5724639892578125; 0.572052001953125; 1.1421966552734375; ...
       ];

e0 = [1; 1; 1; 1; 1; 1; 1; 1];

e10 = [1.0625; 1.125; 1.1875; 1.125; 1.171875; 0.578125; 0.59375; 1.15625; ...
       ];

e99 = [1.1428571515331107; 1.1428571462711616; 1.1428571403511638; 1.1428571459638839; ...
       1.142857128665737; 0.57142857693182236; 0.57142857498287025; 1.1428571353002503; ...
       ];

e998 = [1.1428571428571426; 1.1428571428571428; 1.1428571428571428; 1.1428571428571426; ...
        1.1428571428571426; 0.57142857142857129; 0.5714285714285714; 1.1428571428571428; ...
        ];

e999 = [1.1428571428571426; 1.1428571428571428; 1.1428571428571428; 1.1428571428571426; ...
        1.1428571428571426; 0.57142857142857129; 0.5714285714285714; 1.1428571428571428; ...
        ];

