% -------------------------------------------------------------------
%  Generated by MATLAB on 17-Nov-2022 22:02:36
%  MATLAB version: 9.13.0.2049777 (R2022b)
% -------------------------------------------------------------------
                                 

A = ...
  [8 11 2 8;
   0 -7 2 -1;
   -3 -7 2 1;
   1 1 2 4];

B = ...
  [1 -2 0 5;
   0 7 1 5;
   0 4 4 0;
   0 0 0 2];

ans = 48;

