% -------------------------------------------------------------------
%  Generated by MATLAB on 1-Dec-2022 04:25:44
%  MATLAB version: 9.13.0.2049777 (R2022b)
% -------------------------------------------------------------------
                                 

W = ...
  [0.88465173692938281 0.44721359549995793 0.1318760946791574;
   0.14744195615489714 0 -0.98907071009368053;
   -0.44232586846469141 0.89442719099991586 -0.0659380473395787];

WT = ...
  [0.88465173692938281 0.14744195615489714 -0.44232586846469141;
   0.44721359549995793 0 0.89442719099991586;
   0.1318760946791574 -0.98907071009368053 -0.0659380473395787];

a = [1; 1; 0];

ans = logical( ...
  [0 0 1;
   1 1 1;
   1 1 0]);

b = [2; 0; 3];

invW = ...
  [0.8846517369293827 0.14744195615489711 -0.44232586846469141;
   0.44721359549995793 0 0.89442719099991586;
   0.1318760946791574 -0.98907071009368053 -0.065938047339578684];

