% -------------------------------------------------------------------
%  Generated by MATLAB on 1-Dec-2022 22:40:50
%  MATLAB version: 9.13.0.2049777 (R2022b)
% -------------------------------------------------------------------
                                 

B = ...
  [1 75;
   1 100;
   1 128;
   1 159;
   1 195];

Q = ...
  [-0.44721359549995787 -0.594997621667786;
   -0.44721359549995787 -0.33125754114128508;
   -0.44721359549995787 -0.035868650951604054;
   -0.44721359549995787 0.29116904890125705;
   -0.44721359549995787 0.67095476485941841];

R = ...
  [-2.23606797749979 -293.81933224347239;
   0 94.790294861868659];

ans = [3.5527136788005009E-15; 0; 3.5527136788005009E-15; 7.1054273576010019E-15; ...
       0];

c = [2.3595913279615188; 0.18904420602769009];

cl = [2.3595913279615433; 0.18904420602768995];

d = [15; 23; 26; 34; 38];

t = [0 1 2 3 4 5 6 7 8 9 10 11 12 13 14 15 16 17 18 19 20 21 22 23 24 25 ...
     26 27 28 29 30 31 32 33 34 35 36 37 38 39 40 41 42 43 44 45 46 47 ...
     48 49 50 51 52 53 54 55 56 57 58 59 60 61 62 63 64 65 66 67 68 69 ...
     70 71 72 73 74 75 76 77 78 79 80 81 82 83 84 85 86 87 88 89 90 91 ...
     92 93 94 95 96 97 98 99 100 101 102 103 104 105 106 107 108 109 110 ...
     111 112 113 114 115 116 117 118 119 120 121 122 123 124 125 126 127 ...
     128 129 130 131 132 133 134 135 136 137 138 139 140 141 142 143 144 ...
     145 146 147 148 149 150 151 152 153 154 155 156 157 158 159 160 161 ...
     162 163 164 165 166 167 168 169 170 171 172 173 174 175 176 177 178 ...
     179 180 181 182 183 184 185 186 187 188 189 190 191 192 193 194 195 ...
     196 197 198 199 200 201 202 203 204 205 206 207 208 209 210 211 212 ...
     213 214 215 216 217 218 219 220 221 222 223 224 225 226 227 228 229 ...
     230 231 232 233 234 235 236 237 238 239 240 241 242 243 244 245 246 ...
     247 248 249 250 251 252 253 254 255 256 257 258 259 260 261 262 263 ...
     264 265 266 267 268 269 270 271 272 273 274 275 276 277 278 279 280 ...
     281 282 283 284 285 286 287 288 289 290 291 292 293 294 295 296 297 ...
     298 299 300];

v = [16.537906780038274; 21.264011930730526; 26.557249699505846; 32.417620086364238; ...
     39.223211503361085];

x = [75; 100; 128; 159; 195];

y = [15; 23; 26; 34; 38];

z = [2.3595913279615188 2.5486355339892088 2.7376797400168988 2.9267239460445893 ...
     3.1157681520722793 3.3048123580999693 3.4938565641276593 3.6829007701553493 ...
     3.8719449761830393 4.0609891822107294 4.2500333882384194 4.4390775942661094 ...
     4.6281218002937994 4.8171660063214894 5.00621021234918 5.19525441837687 ...
     5.38429862440456 5.57334283043225 5.76238703645994 5.9514312424876312 ...
     6.1404754485153212 6.3295196545430112 6.5185638605707013 6.7076080665983913 ...
     6.8966522726260813 7.0856964786537713 7.2747406846814613 7.4637848907091513 ...
     7.6528290967368413 7.8418733027645313 8.0309175087922213 8.2199617148199113 ...
     8.4090059208476013 8.5980501268752914 8.7870943329029814 8.9761385389306714 ...
     9.1651827449583614 9.3542269509860514 9.5432711570137432 9.7323153630414332 ...
     9.9213595690691232 10.110403775096813 10.299447981124503 10.488492187152193 ...
     10.677536393179883 10.866580599207573 11.055624805235263 11.244669011262953 ...
     11.433713217290643 11.622757423318333 11.811801629346023 12.000845835373713 ...
     12.189890041401403 12.378934247429093 12.567978453456785 12.757022659484475 ...
     12.946066865512165 13.135111071539855 13.324155277567545 13.513199483595235 ...
     13.702243689622925 13.891287895650615 14.080332101678305 14.269376307705995 ...
     14.458420513733685 14.647464719761375 14.836508925789065 15.025553131816755 ...
     15.214597337844445 15.403641543872135 15.592685749899825 15.781729955927515 ...
     15.970774161955205 16.159818367982894 16.348862574010585 16.537906780038277 ...
     16.726950986065965 16.915995192093657 17.105039398121345 17.294083604149037 ...
     17.483127810176725 17.672172016204417 17.861216222232105 18.050260428259797 ...
     18.239304634287485 18.428348840315174 18.617393046342865 18.806437252370557 ...
     18.995481458398245 19.184525664425937 19.373569870453625 19.562614076481317 ...
     19.751658282509005 19.940702488536697 20.129746694564385 20.318790900592077 ...
     20.507835106619765 20.696879312647457 20.885923518675146 21.074967724702837 ...
     21.264011930730526 21.453056136758217 21.642100342785906 21.831144548813597 ...
     22.020188754841286 22.209232960868977 22.398277166896666 22.587321372924357 ...
     22.776365578952049 22.965409784979737 23.154453991007429 23.343498197035117 ...
     23.532542403062809 23.721586609090497 23.910630815118189 24.099675021145877 ...
     24.288719227173569 24.477763433201257 24.666807639228949 24.855851845256637 ...
     25.044896051284329 25.233940257312018 25.422984463339709 25.612028669367398 ...
     25.801072875395089 25.990117081422778 26.179161287450469 26.368205493478158 ...
     26.557249699505849 26.746293905533541 26.935338111561229 27.124382317588921 ...
     27.313426523616609 27.5024707296443 27.691514935671989 27.880559141699681 ...
     28.069603347727369 28.258647553755061 28.447691759782749 28.636735965810441 ...
     28.825780171838129 29.014824377865821 29.203868583893509 29.3929127899212 ...
     29.581956995948889 29.771001201976581 29.96004540800427 30.149089614031961 ...
     30.33813382005965 30.527178026087341 30.716222232115033 30.905266438142721 ...
     31.094310644170413 31.2833548501981 31.472399056225793 31.661443262253481 ...
     31.850487468281173 32.039531674308861 32.228575880336557 32.417620086364245 ...
     32.606664292391933 32.795708498419621 32.984752704447317 33.173796910475005 ...
     33.362841116502693 33.551885322530381 33.740929528558077 33.929973734585765 ...
     34.119017940613453 34.308062146641142 34.49710635266883 34.686150558696525 ...
     34.875194764724213 35.0642389707519 35.2532831767796 35.442327382807285 ...
     35.631371588834973 35.820415794862662 36.009460000890357 36.198504206918045 ...
     36.387548412945733 36.576592618973422 36.765636825001117 36.954681031028805 ...
     37.143725237056493 37.332769443084182 37.521813649111877 37.710857855139565 ...
     37.899902061167253 38.088946267194942 38.277990473222637 38.467034679250325 ...
     38.656078885278014 38.845123091305709 39.0341672973334 39.223211503361085 ...
     39.412255709388774 39.601299915416469 39.790344121444157 39.979388327471845 ...
     40.168432533499534 40.357476739527229 40.546520945554917 40.735565151582605 ...
     40.924609357610294 41.113653563637989 41.302697769665677 41.491741975693365 ...
     41.680786181721054 41.869830387748749 42.058874593776437 42.247918799804125 ...
     42.436963005831814 42.626007211859509 42.8150514178872 43.004095623914885 ...
     43.193139829942581 43.382184035970269 43.571228241997957 43.760272448025646 ...
     43.949316654053341 44.138360860081029 44.327405066108717 44.516449272136406 ...
     44.7054934781641 44.894537684191789 45.083581890219477 45.272626096247166 ...
     45.461670302274861 45.650714508302549 45.839758714330237 46.028802920357926 ...
     46.217847126385621 46.406891332413309 46.595935538441 46.784979744468693 ...
     46.974023950496381 47.163068156524069 47.352112362551757 47.541156568579453 ...
     47.730200774607141 47.919244980634829 48.108289186662518 48.297333392690213 ...
     48.4863775987179 48.675421804745589 48.864466010773278 49.053510216800973 ...
     49.242554422828661 49.431598628856349 49.620642834884038 49.809687040911733 ...
     49.998731246939421 50.187775452967109 50.3768196589948 50.565863865022493 ...
     50.754908071050181 50.943952277077869 51.132996483105565 51.322040689133253 ...
     51.511084895160941 51.700129101188629 51.889173307216325 52.078217513244013 ...
     52.2672617192717 52.45630592529939 52.645350131327085 52.834394337354773 ...
