% -------------------------------------------------------------------
%  Generated by MATLAB on 1-Dec-2022 22:25:35
%  MATLAB version: 9.13.0.2049777 (R2022b)
% -------------------------------------------------------------------
                                 

B = ...
  [1 75;
   1 100;
   1 128;
   1 159;
   1 195];

Q = ...
  [-0.44721359549995787 -0.594997621667786;
   -0.44721359549995787 -0.33125754114128508;
   -0.44721359549995787 -0.035868650951604054;
   -0.44721359549995787 0.29116904890125705;
   -0.44721359549995787 0.67095476485941841];

R = ...
  [-2.23606797749979 -293.81933224347239;
   0 94.790294861868659];

ans = [3.5527136788005009E-15; 0; 3.5527136788005009E-15; 7.1054273576010019E-15; ...
       0];

c = [2.3595913279615188; 0.18904420602769009];

cl = [2.3595913279615433; 0.18904420602768995];

d = [15; 23; 26; 34; 38];

v = [16.537906780038274; 21.264011930730526; 26.557249699505846; 32.417620086364238; ...
     39.223211503361085];

x = [-0.44721359549995787; -0.44721359549995787; -0.44721359549995787; ...
     -0.44721359549995787; -0.44721359549995787];

y = [-0.594997621667786; -0.33125754114128508; -0.035868650951604054; 0.29116904890125705; ...
     0.67095476485941841];

