% -------------------------------------------------------------------
%  Generated by MATLAB on 1-Dec-2022 21:15:41
%  MATLAB version: 9.13.0.2049777 (R2022b)
% -------------------------------------------------------------------
                                 

A = ...
  [1 2 1;
   2 1 1;
   1 2 2];

Q = ...
  [-0.40824829046386313 0.57735026918962584 -0.70710678118654757;
   -0.81649658092772615 -0.57735026918962562 -2.757992416495761E-16;
   -0.40824829046386307 0.57735026918962562 0.70710678118654757];

R = ...
  [-2.4494897427831779 -2.4494897427831788 -2.0412414523193156;
   0 1.7320508075688776 1.1547005383792517;
   0 0 0.70710678118654735];

ans = 0.99999999999999989;

v = complex([-0.63924588923347048; -0.63924588923347048; 0.99999999999999989],[0.76900240123039221; -0.76900240123039221; 0]);

