% -------------------------------------------------------------------
%  Generated by MATLAB on 1-Dec-2022 21:07:00
%  MATLAB version: 9.13.0.2049777 (R2022b)
% -------------------------------------------------------------------
                                 

projvx = [1.5652173913043477; 0.2608695652173913; -0.78260869565217384];

projvy = [1.8; 0; 3.6];

v = [3; 3; 3];

vbar = [3.3652173913043475; 0.2608695652173913; 2.8173913043478263];

x = [6; 1; -3];

y = [1; 0; 2];

