% -------------------------------------------------------------------
%  Generated by MATLAB on 1-Dec-2022 20:59:57
%  MATLAB version: 9.13.0.2049777 (R2022b)
% -------------------------------------------------------------------
                                 

ans = -2.7755575615628914E-17;

v = [2; 0; -1];

vbar = [-0.052631578947368418; -0.15789473684210525; -0.15789473684210525; ...
        ];

w = [1; 3; 3];

z = [2.0526315789473686; 0.15789473684210525; -0.84210526315789469];

