% -------------------------------------------------------------------
%  Generated by MATLAB on 1-Dec-2022 04:15:05
%  MATLAB version: 9.13.0.2049777 (R2022b)
% -------------------------------------------------------------------
                                 

W = ...
  [0.88465173692938281 0.44721359549995793 0.1318760946791574;
   0.14744195615489714 0 -0.98907071009368053;
   -0.44232586846469141 0.89442719099991586 -0.0659380473395787];

X = [0.88465173692938281; 0.14744195615489714; -0.44232586846469141];

Y = [0.44721359549995793; 0; 0.89442719099991586];

Z = [0.1318760946791574; -0.98907071009368053; -0.0659380473395787];

ans = 0;

v = [2; 0; -1];

w = [1; 3; 3];

x = [6; 1; -3];

y = [1; 0; 2];

z = [2; -15; -1];

