% -------------------------------------------------------------------
%  Generated by MATLAB on 24-Oct-2022 19:50:06
%  MATLAB version: 9.13.0.2049777 (R2022b)
% -------------------------------------------------------------------
                                 

C = ...
  [0.25 0.15 0.25 0.18 0.2;
   0.17 0.28 0.18 0.17 0.1;
   0.22 0.19 0.22 0.22 0.1;
   0.2 0.15 0.2 0.28 0.15;
   0.16 0.23 0.15 0.15 0.45];

I = ...
  [1 0 0 0 0;
   0 1 0 0 0;
   0 0 1 0 0;
   0 0 0 1 0;
   0 0 0 0 1];

ans = ...
  [1 0 0 0 -0.87294117647058822 0;
   0 1 0 0 -0.73551637279596982 0;
   0 0 1 0 -0.78549848942598188 0;
   0 0 0 1 -0.8222424794895169 0;
   0 0 0 0 0 0];

d = [0; 0; 0; 0; 0];

