% -------------------------------------------------------------------
%  Generated by MATLAB on 24-Oct-2022 19:48:29
%  MATLAB version: 9.13.0.2049777 (R2022b)
% -------------------------------------------------------------------
                                 

C = ...
  [1 -3 2;
   -2 6 -4;
   4 -12 8];

ans = ...
  [1 -3 2 0;
   0 0 0 0;
   0 0 0 0];

d = [0; 0; 0];

