% -------------------------------------------------------------------
%  Generated by MATLAB on 3-Nov-2022 20:05:55
%  MATLAB version: 9.13.0.2049777 (R2022b)
% -------------------------------------------------------------------
                                 

HUNDRED = [0.35465116279054537; 0.32848837209326204; 0.15697674418599672; ...
           0.15988372093019818];

P = ...
  [0.81 0.08 0.16 0.1;
   0.09 0.84 0.05 0.08;
   0.06 0.04 0.74 0.04;
   0.04 0.04 0.05 0.78];

SIX = [0.36167710887033877; 0.36293820031040852; 0.14176288179739321; 0.13362180902185963; ...
       ];

SIXTY = [0.35465115448584655; 0.32848838620879606; 0.15697674159992278; ...
         0.15988371770543602];

TEN = [0.35404932772591829; 0.34074266917196827; 0.15342323815427278; 0.15178476494784096; ...
       ];

THIRTY = [0.35462657817385834; 0.32854241988252936; 0.15696885738503658; ...
          0.15986214455857634];

THREE = [0.39256452660000013; 0.40073411659999997; 0.10985520920000001; ...
         0.096846147600000015];

x0 = [0.5106; 0.472; 0.0075; 0.0099];

