% -------------------------------------------------------------------
%  Generated by MATLAB on 3-Nov-2022 19:47:59
%  MATLAB version: 9.13.0.2049777 (R2022b)
% -------------------------------------------------------------------
                                

A = ...
  [0 1 0 0 0 1;
   1 0 1 1 1 1;
   0 1 0 1 1 1;
   0 1 1 0 1 1;
   0 0 1 1 0 0;
   1 1 1 1 0 0];

B = ...
  [2 7 5 5 5 7;
   7 10 12 12 10 11;
   4 11 9 10 9 11;
   4 11 10 9 9 11;
   4 4 7 7 4 4;
   7 9 12 12 7 8];

C = ...
  [14 19 24 24 17 19;
   21 42 43 43 34 41;
   22 34 41 40 30 34;
   22 34 40 41 30 34;
   8 22 19 19 18 22;
   17 39 36 36 33 40];

D = ...
  [2 1 2 2 1 1;
   1 4 3 3 2 3;
   2 2 4 3 2 2;
   2 2 3 4 2 2;
   0 2 1 1 2 2;
   1 3 2 2 3 4];

x = 28;

