% -------------------------------------------------------------------
%  Generated by MATLAB on 3-Nov-2022 19:22:55
%  MATLAB version: 9.13.0.2049777 (R2022b)
% -------------------------------------------------------------------
                                 

A = ...
  [5 3;
   7 4];

B = ...
  [-4.0000000000000018 3.0000000000000013;
   7.0000000000000036 -5.0000000000000027];

ans = ...
  [1.0000000000000036 0;
   -7.1054273576010019E-15 1];

c = [2; 3];

x = [2; 3];

y = [19; 26];

